2.000000000000000164e-05 3.088694163228919508e-29
2.054976514401878120e-05 2.625327201566765134e-29
2.111464237371650062e-05 2.231494617767363904e-29
2.169504709399106186e-05 1.896759805110571707e-29
2.229140612849716930e-05 1.612252826654953026e-29
2.290415803352788336e-05 1.370435216158015352e-29
2.353375342052449541e-05 1.164900090902979909e-29
2.418065528745134797e-05 9.902022746062886749e-30
2.484533935928005376e-05 8.417139246336358678e-30
2.552829443783255468e-05 7.155018342794345259e-30
2.623002276124104386e-05 6.082231558101752763e-30
2.695104037328852038e-05 5.170367785908460781e-30
2.769187750290236184e-05 4.395280118659963172e-30
2.845307895407903670e-05 3.736445746704483867e-30
2.923520450652743904e-05 3.176421952597038452e-30
3.003882932732491554e-05 2.700383773340642328e-30
3.086454439388952717e-05 2.295731069440215264e-30
3.171295692857855643e-05 1.951754580544892952e-30
3.258469084523368586e-05 1.659352111948137227e-30
3.348038720800055126e-05 1.410787325809093687e-30
3.440070470276109329e-05 1.199484740919670476e-30
3.534632012152413415e-05 1.019855505147031570e-30
3.631792886013138677e-05 8.671493208015272577e-31
3.731624542964407602e-05 7.373285967670785987e-31
3.834200398178749477e-05 6.269614906805893021e-31
3.939595884883829161e-05 5.331310053968544262e-31
4.047888509835284641e-05 4.533577297116382417e-31
4.159157910314362135e-05 3.855341751328339350e-31
4.273485912692402222e-05 3.278689679837017122e-31
4.390956592605080246e-05 2.788394174503869564e-31
4.511656336780776020e-05 2.371512022788374934e-31
4.635673906568452129e-05 2.017041075756088819e-31
4.763100503211886477e-05 1.715629035784959456e-31
4.894029834918096130e-05 1.459325945915842163e-31
5.028558185769403579e-05 1.241373821406058418e-31
5.166784486529719402e-05 1.056027848716930273e-31
5.308810387397268685e-05 8.984044140100592701e-32
5.454740332757061267e-05 7.643519344394687629e-32
5.604681637988233426e-05 6.503410699670918276e-32
5.758744568382633406e-05 5.533714071299585869e-32
5.917042420232844686e-05 4.708921427700808629e-32
6.079691604149071397e-05 4.007346667817547777e-32
6.246811730666321563e-05 3.410552582740688506e-32
6.418525698204719692e-05 2.902863775521558246e-32
6.594959783447807723e-05 2.470952640950944457e-32
6.776243734205081813e-05 2.103487442916845304e-32
6.962510864827162508e-05 1.790833172200427222e-32
7.153898154243862751e-05 1.524797265858505320e-32
7.350546346697039036e-05 1.298413457743640145e-32
7.552600055242469153e-05 1.105758039736357707e-32
7.760207868096814679e-05 9.417936716882835251e-33
7.973522457907809358e-05 8.022366084177068665e-33
8.192700694028241803e-05 6.834385462163878443e-33
8.417903757876018037e-05 5.823158662546427791e-33
8.649297261465263304e-05 4.962194451008278532e-33
8.887051369195797014e-05 4.229126112307758454e-33
9.131340922990206560e-05 3.604923158803906565e-33
9.382345570870839855e-05 3.073324351884904870e-33
9.640249899071027249e-05 2.620543116325581054e-33
9.905243567778016162e-05 2.234858571167432963e-33
1.017752145060705333e-04 1.906287703770736068e-33
1.045728377790941326e-04 1.626331818610312001e-33
1.074473628401980351e-04 1.387766244176768479e-33
1.104009035855119960e-04 1.184443492277444806e-33
1.134356320184867273e-04 1.011134226165211085e-33
1.165537798471620601e-04 8.633779546739024387e-34
1.197576401253424612e-04 7.373914590481356843e-34
1.230495689388853636e-04 6.299457525753725770e-34
1.264319871383422147e-04 5.382967887806676618e-34
1.299073821192269006e-04 4.601081779200532714e-34
1.334783096512208412e-04 3.933885199666832229e-34
1.371473957576601840e-04 3.364432231921775761e-34
1.409173386466858408e-04 2.878305949893271595e-34
1.447909106954778792e-04 2.463215562658180353e-34
1.487709604890333605e-04 2.108694381723126237e-34
1.528604149149866153e-04 1.805830559460006115e-34
1.570622813160121466e-04 1.547027166070493005e-34
1.613796497013930686e-04 1.325815132004968568e-34
1.658156950193823891e-04 1.136679932558309106e-34
1.703736794920276162e-04 9.749227963482736603e-35
1.750569550141749589e-04 8.365374764040861251e-35
1.798689656184179818e-04 7.181084909573127019e-35
1.848132500078038818e-04 6.167241711493804956e-35
1.898934441581598019e-04 5.299009977925615050e-35
1.951132839919516324e-04 4.555206975405881144e-35
2.004766081256424226e-04 3.917757340339524758e-35
2.059873606925719251e-04 3.371242049685607074e-35
2.116495942434318928e-04 2.902496147801510569e-35
2.174674727264699176e-04 2.500284850738042128e-35
2.234452745496135254e-04 2.155012726578728103e-35
2.295873957267676889e-04 1.858485477873438783e-35
2.358983531105988225e-04 1.603702363372287168e-35
2.423827877141810987e-04 1.384681036451976173e-35
2.490454681239493112e-04 1.196308078079299344e-35
2.558912940064686460e-04 1.034211799891416081e-35
2.629252997115995674e-04 8.946528540915751974e-36
2.701526579747061982e-04 7.744324786834066017e-36
2.775786837206324696e-04 6.708131627220217865e-36
2.852088379722433095e-04 5.814511082926303916e-36
2.930487318664052243e-04 5.043394351272412368e-36
3.011041307803582318e-04 4.377586714755271719e-36
3.093809585715142068e-04 3.802352469759327034e-36
3.178853019338009965e-04 3.305057872351491871e-36
3.266234148737554195e-04 2.874866931710003151e-36
3.356017233096545089e-04 2.502481502012327901e-36
3.448268297970689565e-04 2.179919566557509052e-36
3.543055183843151455e-04 1.900326141625648799e-36
3.640447596013751804e-04 1.657811086286130458e-36
3.740517155859521205e-04 1.447310920660550286e-36
3.843337453504315970e-04 1.264470734249542129e-36
3.948984101936244277e-04 1.105542950279849614e-36
4.057534792612685999e-04 9.673010894931181620e-37
4.169069352593790393e-04 8.469656739861031449e-37
4.283669803246440105e-04 7.421410226852861269e-37
4.401420420561973665e-04 6.507610602544860499e-37
4.522407797131845547e-04 5.710429130397465352e-37
4.646720905826946780e-04 5.014471594053869622e-37
4.774451165227297316e-04 4.406437790674733456e-37
4.905692506850387524e-04 3.874829412094276858e-37
5.040541444227410010e-04 3.409699555286067080e-37
5.179097143878334938e-04 3.002437749151851003e-37
5.321461498237910117e-04 2.645585444348843195e-37
5.467739200586367717e-04 2.332677518710517282e-37
5.618037822039741603e-04 2.058106196448417602e-37
5.772467890656584168e-04 1.817003855335207074e-37
5.931142972719113515e-04 1.605142432507399905e-37
6.094179756248757109e-04 1.418846762789843340e-37
6.261698136817285369e-04 1.254919981335372950e-37
6.433821305716764779e-04 1.110579275952017987e-37
6.610675840553187485e-04 9.834004737749487000e-38
6.792391798330352833e-04 8.712702936573413324e-38
6.979102811092405311e-04 7.723451206801962276e-38
7.170946184195516136e-04 6.850154060121551493e-38
7.368062997280774330e-04 6.078749224819886375e-38
7.570598208022748113e-04 5.396941731701890816e-38
7.778700758729852538e-04 4.793973957128725192e-38
7.992523685874965405e-04 4.260426510592046847e-38
8.212224232636892128e-04 3.788045778934498801e-38
8.437963964535406336e-04 3.369594411825088993e-38
8.669908888244809127e-04 2.998721675227135677e-38
8.908229573673597489e-04 2.669850874545809820e-38
9.153101279399747121e-04 2.378081587050242541e-38
9.404704081554130044e-04 2.119104678295684482e-38
9.663223006246620273e-04 1.889128366654487226e-38
9.928848165632365996e-04 1.684813874924899577e-38
1.020177489771833916e-03 1.503219365805633796e-38
1.048220391001291338e-03 1.341751069514244393e-38
1.077034142712403678e-03 1.198120646232715745e-38
1.106639934241475821e-03 1.070307962924712107e-38
1.137059537382735692e-03 9.565285674069952404e-39
1.168315322399092948e-03 8.552052570051031250e-39
1.200430274472998309e-03 7.649431935099427509e-39
1.233428010609506935e-03 6.845081198221310619e-39
1.267332797003983347e-03 6.128072684945086456e-39
1.302169566887215494e-03 5.488726227708398494e-39
1.337963938861046372e-03 4.918462270193009710e-39
1.374742235738041479e-03 4.409672876403868939e-39
1.412531503899002458e-03 3.955608377520212410e-39
1.451359533182607162e-03 3.550277701414176445e-39
1.491254877321766901e-03 3.188360659957051508e-39
1.532246874941743751e-03 2.865130718034161609e-39
1.574365671135477150e-03 2.576386942986468170e-39
1.617642239631979489e-03 2.318394003623683279e-39
1.662108405574086283e-03 2.087829235048200811e-39
1.707796868922350879e-03 1.881735907385098715e-39
1.754741228502246404e-03 1.697481944915776588e-39
1.802976006712407727e-03 1.532723440181171000e-39
1.852536674912041948e-03 1.385372385846334167e-39
1.903459679506198194e-03 1.253568121786073081e-39
1.955782468748081242e-03 1.135652054487817491e-39
2.009543520278117817e-03 1.030145262667349717e-39
2.064782369420002650e-03 9.357286489302962268e-40
2.121539638254585879e-03 8.512253389179920309e-40
2.179857065492916968e-03 7.755850662085142398e-40
2.239777537170470085e-03 7.078703118862108459e-40
2.301345118185097339e-03 6.472439963874717932e-40
2.364605084701896631e-03 5.929585445689795794e-40
2.429603957448832688e-03 5.443461668541145275e-40
2.496389535927605145e-03 5.008102175278612148e-40
2.565010933564915857e-03 4.618175077403285562e-40
2.635518613829971116e-03 4.268914651291013295e-40
2.707964427344793871e-03 3.956060445896955163e-40
2.782401650014640956e-03 3.675803057239061744e-40
2.858885022206559753e-03 3.424735823932454581e-40
2.937470789004888519e-03 3.199811782378718540e-40
3.018216741573302980e-03 2.998305297645405528e-40
3.101182259653849707e-03 2.817777851176882987e-40
3.186428355234203428e-03 2.656047526759588425e-40
3.274017717415249329e-03 2.511161787119431347e-40
3.364014758511993906e-03 2.381373180155938983e-40
3.456485661421725575e-03 2.265117654060963767e-40
3.551498428294243108e-03 2.160995196589980915e-40
3.649122930539929269e-03 2.067752545533121818e-40
3.749430960212458367e-03 1.984267745548449715e-40
3.852496282803945585e-03 1.909536351432577415e-40
3.958394691491321296e-03 1.842659100041570604e-40
4.067204062873866315e-03 1.782830892604875481e-40
4.179004414242850143e-03 1.729330946589002007e-40
4.293877962425416903e-03 1.681513991716398091e-40
4.411909184246014595e-03 1.638802398377653198e-40
4.533184878649753648e-03 1.600679138974817028e-40
4.657794230533489691e-03 1.566681493389581994e-40
4.785828876331448163e-03 1.536395419552232522e-40
4.917382971403727078e-03 1.509450518541026954e-40
5.052553259277189554e-03 1.485515531331400255e-40
5.191439142789648978e-03 1.464294311057109052e-40
5.334142757189672124e-03 1.445522220709997736e-40
5.480769045245832173e-03 1.428962911594891818e-40
5.631425834420494304e-03 1.414405442662822463e-40
5.786223916165062278e-03 1.401661705103874558e-40
5.945277127394837414e-03 1.390564120451608147e-40
6.108702434203526141e-03 1.380963583824378712e-40
6.276620017878913743e-03 1.372727626997294233e-40
6.449153363282937590e-03 1.365738778733290275e-40
6.626429349661158187e-03 1.359893102223584588e-40
6.808578343948501650e-03 1.355098891686081370e-40
6.995734296639700631e-03 1.351275512124044437e-40
7.188034840295168780e-03 1.348352368001939557e-40
7.385621390754519219e-03 1.346267988176818967e-40
7.588639251132335735e-03 1.344969215840777351e-40
7.797237718672600862e-03 1.344410493514115256e-40
8.011570194540343012e-03 1.344553234286079324e-40
8.231794296631244484e-03 1.345365271548972633e-40
8.458071975482274116e-03 1.346820380429652703e-40
8.690569633368392874e-03 1.348897864998481288e-40
8.929458246673092903e-03 1.351582206138620125e-40
9.174913491622697231e-03 1.354862765708929927e-40
9.427115873476785493e-03 1.358733543327673168e-40
9.686250859269978503e-03 1.363192982769063726e-40
9.952509014202406620e-03 1.368243825590662553e-40
1.022608614177946545e-02 1.373893010224650947e-40
1.050718342780367770e-02 1.380151615365805913e-40
1.079600758832458679e-02 1.387034847093158860e-40
1.109277102165574097e-02 1.394562069775252937e-40
1.139769196457014744e-02 1.402756881447231656e-40
1.171099465278932494e-02 1.411647235019588385e-40
1.203290948588401840e-02 1.421265607403947613e-40
1.236367319670762799e-02 1.431649219430142447e-40
1.270352902548708106e-02 1.442840310307668800e-40
1.305272689869928920e-02 1.454886471369124475e-40
1.341152361286434766e-02 1.467841044956309453e-40
1.378018302339122786e-02 1.481763595598127874e-40
1.415897623861423274e-02 1.496720462125931287e-40
1.454818181916324275e-02 1.512785401120269966e-40
1.494808598281443905e-02 1.530040334142058578e-40
1.535898281497179163e-02 1.548576213640088994e-40
1.578117448493453548e-02 1.568494025331144315e-40
1.621497146810934459e-02 1.589905948326593109e-40
1.666069277433061824e-02 1.612936698460718373e-40
1.711866618245724142e-02 1.637725085327280689e-40
1.758922848141766110e-02 1.664425819657873834e-40
1.807272571788094695e-02 1.693211615137227448e-40
1.856951345073608317e-02 1.724275637875022910e-40
1.907995701256624821e-02 1.757834367953447800e-40
1.960443177831052569e-02 1.794130951272757333e-40
2.014332344131100627e-02 1.833439136993012377e-40
2.069702829694746241e-02 1.876067917078545343e-40
2.126595353406906391e-02 1.922367010896280944e-40
2.185051753443679329e-02 1.972733370920576809e-40
2.245115018039701635e-02 2.027618927194232968e-40
2.306829317101272148e-02 2.087539840671252874e-40
2.370240034688417957e-02 2.153087602016378338e-40
2.435393802389895432e-02 2.224942396892256400e-40
2.502338533615564020e-02 2.303889266481620856e-40
2.571123458831408790e-02 2.390837729816441422e-40
2.641799161763134368e-02 2.486845711334749957e-40
2.714417616594906602e-02 2.593148844514862785e-40
2.789032226190626962e-02 2.711196515322150722e-40
2.865697861365862006e-02 2.842696386474271319e-40
2.944470901239273214e-02 2.989669628773673872e-40
3.025409274693218603e-02 3.154519707366177902e-40
3.108572502974095084e-02 3.340118360891945060e-40
3.194021743463613255e-02 3.549913401946088722e-40
3.281819834653332268e-02 3.788064179593609899e-40
3.372031342355429062e-02 4.059611967392401663e-40
3.464722607183721992e-02 4.370694081003561806e-40
3.559961793339903174e-02 4.728811916888448627e-40
3.657818938740745734e-02 5.143163693724511988e-40
3.758366006523317093e-02 5.625051075150095345e-40
3.861676937965899392e-02 6.188362186170093932e-40
3.967827706863640003e-02 6.850116120796501321e-40
4.076896375398918887e-02 7.631014994651122533e-40
4.188963151547468733e-02 8.555868943852045995e-40
4.304110448062460625e-02 9.653602735447783390e-40
4.422422943080049629e-02 1.095626668024546633e-39
4.543987642390771853e-02 1.249599629858417796e-39
4.668893943422697257e-02 1.429817957676924502e-39
4.797233700983410953e-02 1.636842069872396293e-39
4.929101294809055261e-02 1.867113581115143508e-39
5.064593698970247526e-02 2.110094712596683641e-39
5.203810553185805876e-02 2.345742600851974171e-39
5.346854236096737489e-02 2.544819616232475657e-39
5.493829940554499636e-02 2.675013731779674813e-39
5.644845750978680354e-02 2.712700838545591179e-39
5.800012722841209334e-02 2.653920746867918842e-39
5.959444964335392642e-02 2.516045575809265761e-39
6.123259720289883634e-02 2.328879760104686806e-39
6.291577458389360777e-02 2.122610255830874346e-39
6.464521957765211047e-02 1.920090780392173791e-39
6.642220400021377202e-02 1.735062959231289714e-39
6.824803462762488171e-02 1.573906899884816011e-39
7.012405415692768429e-02 1.438296127299031264e-39
7.205164219356588462e-02 1.327417719917302850e-39
7.403221626593271820e-02 1.239445872519904938e-39
7.606723286780620041e-02 1.172398602032394732e-39
7.815818852944017570e-02 1.124595946545583682e-39
8.030662091809705194e-02 1.094898841089329560e-39
8.251410996883200288e-02 1.082849258930776817e-39
8.478227904636190249e-02 1.088788177401917723e-39
8.711279613887007445e-02 1.114002407038748203e-39
8.950737508462827674e-02 1.160939816123563986e-39
9.196777683233553491e-02 1.233528732446551664e-39
9.449581073610142934e-02 1.337632172322567872e-39
9.709333588602661602e-02 1.481641087343944238e-39
9.976226247535896485e-02 1.677111880987943370e-39
1.025045532052292208e-01 1.939054302778605466e-39
1.053222247280018731e-01 2.284698585829420717e-39
1.082173491303003859e-01 2.727910162948346318e-39
1.111920554567978753e-01 3.264193805333011901e-39
1.142485312758956262e-01 3.843131265791256042e-39
1.173890242884369634e-01 4.344753445228232377e-39
1.206158439806447741e-01 4.612554826169005469e-39
1.239313633224931738e-01 4.565352547470923860e-39
1.273380205127648823e-01 4.270767666659888525e-39
1.308383207720783259e-01 3.877312371752434866e-39
1.344348381852001340e-01 3.508339740776802983e-39
1.381302175940015142e-01 3.228149662444360637e-39
1.419271765424473808e-01 3.061017094158762382e-39
1.458285072750492295e-01 3.016842241312330942e-39
1.498370787902547629e-01 3.108262142325366534e-39
1.539558389502787838e-01 3.361489240026893598e-39
1.581878166489303905e-01 3.824944281873546831e-39
1.625361240390311435e-01 4.574523483316603377e-39
1.670039588210598946e-01 5.697452767969307844e-39
1.715946065947082100e-01 7.192807593301583145e-39
1.763114432750778060e-01 8.711753710400088685e-39
1.811579375752918886e-01 9.446698636245582093e-39
1.861376535573531499e-01 8.948370869242785114e-39
1.912542532531171235e-01 7.794913703358525319e-39
1.965114993573122970e-01 6.737088743276346448e-39
2.019132579945884243e-01 6.094124305979685697e-39
2.074635015626232204e-01 5.935056332519419174e-39
2.131663116533839830e-01 6.312490958798061109e-39
2.190258820546881480e-01 7.376022925408914358e-39
2.250465218342699025e-01 9.403759148236262878e-39
2.312326585086270370e-01 1.254544044326825701e-38
2.375888412989695109e-01 1.564155369937288361e-38
2.441197444766686486e-01 1.587060683669127961e-38
2.508301708006707709e-01 1.340000661398131806e-38
2.577250550493950243e-01 1.101800885935661835e-38
2.648094676497189659e-01 9.883607985619064160e-39
2.720886184057186852e-01 1.014913351065832686e-38
2.795678603299031617e-01 1.211692264735692978e-38
2.872526935797676817e-01 1.650449930019537280e-38
2.951487695025514224e-01 2.277561528942025925e-38
3.032618947911782104e-01 2.461007686651881325e-38
3.115980357544421708e-01 1.989904967811723784e-38
3.201633227045675989e-01 1.578227290659870875e-38
3.289640544653779641e-01 1.470497915657657730e-38
3.380067030043866216e-01 1.702006857803850069e-38
3.472979181922125624e-01 2.407665280806084864e-38
3.568445326928307293e-01 3.419911187752013559e-38
3.666535669882408643e-01 3.271220030754827921e-38
3.767322345412552620e-01 2.406592495225599398e-38
3.870879471002097172e-01 2.051023652449153275e-38
3.977283201494837273e-01 2.340226890365316697e-38
4.086611785098500649e-01 3.503155832577381332e-38
4.198945620927684863e-01 4.822462157139913470e-38
4.314367318128501383e-01 3.801413793849162752e-38
4.432961756628542305e-01 2.814990715475550489e-38
4.554816149556682459e-01 2.942436561584148274e-38
4.680020107378686789e-01 4.479873479390286165e-38
4.808665703795877433e-01 6.281258744310372634e-38
4.940847543455152424e-01 4.506881907737141193e-38
5.076662831520274421e-01 3.507587765941040477e-38
5.216211445155560789e-01 4.455338683518865362e-38
5.359596006974478577e-01 7.542044869409039441e-38
5.506921960507317193e-01 6.330706030756426595e-38
5.658297647743253389e-01 4.417779386715799023e-38
5.813834388803886810e-01 5.498521552259870362e-38
5.973646563806991328e-01 9.569887654773251284e-38
6.137851696980421989e-01 6.998294929565075793e-38
6.306570543088239056e-01 5.388721374684585771e-38
6.479927176232527231e-01 8.598591648748298278e-38
6.658049081096160116e-01 1.089515952152763509e-37
6.841067246693806059e-01 6.588083610721956818e-38
7.029116262699858231e-01 8.446599794143439104e-38
7.222334418424254388e-01 1.386709768178469441e-37
7.420863804509107986e-01 8.020073043661896013e-38
7.624850417420592219e-01 9.812706273718274030e-38
7.834444266813336277e-01 1.595201799547735568e-37
8.049799485845922087e-01 9.002214893145015498e-38
8.271074444528839775e-01 1.360084631919829973e-37
8.498431866188160821e-01 1.539708058914350346e-37
8.732038947130613682e-01 1.051367910534713178e-37
8.972067479597956030e-01 2.152796660494322089e-37
9.218693978101324404e-01 1.239436157115038313e-37
9.472099809228138323e-01 1.795236714583272961e-37
9.732471325017165720e-01 1.774774534418640243e-37
1.000000000000000000e+00 1.573825771595090528e-37
